angle_min: -0.785398
angle_max: 0.785398

